4.331845842347406550e-02
3.509725982283740803e-02
7.262669155962314660e-02
1.326386727701149538e-04
2.833668350345571688e-03
3.504730757948689157e-01
6.836592466777634547e-01
2.833668350345571688e-03
2.833668350345571688e-03
8.211089113945970255e-03
4.487168374200256604e-02
7.832864236816543257e-02
2.833668350345571688e-03
3.082606005078555866e-02
1.333203945686796399e-01
2.651873387630245688e-02
2.849180064688872083e-01
4.450743906957072872e-03
4.798801528839498343e-02
1.308534505109730343e-02
2.833668350345571688e-03
1.881203486333465624e-01
1.255813076237257964e-01
8.448968832652515859e-01
1.925121326808129987e-02
7.386033132547599467e-02
4.797452039692636644e-02
4.973376901712124321e-01
2.833668350345571688e-03
2.833668350345571688e-03
4.486364085426929049e-03
1.732214745287060861e-02
1.239226417602443120e-01
2.833668350345571688e-03
8.097541475124821198e-03
1.053542147897571640e-02
2.833668350345571688e-03
1.111104407134169358e+00
4.076440718562987509e-01
2.833668350345571688e-03
8.923499761482281412e-03
1.748459731014122553e-01
2.646945619013564219e-02
9.117929511300139067e-01
1.270373097455745892e-01
1.680335138539223727e-01
1.788205232275524026e-01
1.726877364490084998e+00
2.833668350345571688e-03
3.757242890531076445e-03
1.085173666881952825e-01
2.833668350345571688e-03
1.802314170343161381e-01
5.272262879684792569e-01
7.766280673959985448e-01
4.216184359943769139e-02
1.053945320162169130e+00
7.075551067532284133e-01
4.163196139802682210e-04
5.404119839644473677e-02
1.534053103259524153e+00
9.005306439279978092e-03
1.905621045531547431e+00
2.715414730350909980e-02
4.146407687538464226e-02
1.736860806210031860e-02
2.899019755967332038e-02
3.139692992910687042e-01
9.256255253999815663e-04
2.448537438411814773e-02
2.833668350345571688e-03
2.945678717098547741e-02
2.833668350345571688e-03
7.546931627391102737e-02
2.833668350345571688e-03
3.495650475062028056e-02
8.124380643652732298e-03
3.138208645234595324e-03
2.833668350345571688e-03
2.640468530284338644e-02
6.048908195034783386e-01
1.765786001412910852e-02
1.470837685674918766e-02
2.415147406135003533e-03
2.833668350345571688e-03
8.916223765925793132e-02
1.872825336474358560e-01
3.412520045669548696e-01
1.876362929401941271e+00
8.576381169154120299e-01
1.182049236101658310e-02
3.331975383825301895e-01
4.236296650670729608e-02
1.317779100504673506e+00
1.650131948353216263e-02
1.450588493643409027e+00
2.571267678099277421e-02
2.338433894235195445e-02
2.833668350345571688e-03
4.468868269391784720e-01
9.927928491526727406e-02
2.128269290413538004e-02
8.550485644427775755e-02
5.443146268588722712e-03
3.827880098450566621e-02
9.078102619489302957e-03
8.181846727166973421e-02
6.307884431166017603e-01
1.231548685964095093e-02
2.840067100726320626e-02
6.259422064467343172e-02
6.252652288275185877e-02
2.257119516822784014e-02
8.736703164995461568e-02
1.253564314320209684e-02
5.353401701343016295e-02
5.614965044791453419e-02
2.833668350345571688e-03
9.006887639874679996e-01
7.367119727364725623e-04
8.488497730355168969e-01
7.464582229697919180e-02
8.980787387252214815e-01
1.562347828639698219e-02
7.323433229514977882e-02
2.808064818098962578e-02
1.968906558786375979e-02
2.171568894250987952e-02
7.820053765926311684e-02
2.833668350345571688e-03
3.612523021598431500e-02
2.993677182507260559e-01
1.471033949326934431e+00
3.802941040620828970e-03
2.978215993302423814e-01
6.717469890885855756e-03
2.833668350345571688e-03
1.448436730919745036e-02
5.313680858285842190e-02
9.987778470481059601e-02
1.162546579358170531e-02
3.363489968973343847e-01
1.323557079450219352e-03
3.105547012498104387e-01
1.537080967206162253e-02
8.365498868690067480e-02
1.166208324085306475e-01
2.855433161788041851e-01
7.190890397416079827e-01
1.764621804424720136e-02
3.039883532209200490e-01
2.833668350345571688e-03
2.833668350345571688e-03
8.403281584848859564e-01
2.833668350345571688e-03
3.248461064864405223e-01
1.535715697183710239e-02
1.132695737878948866e-01
5.011399504561424578e-01
8.845633608269417789e-03
8.856279384041819414e-02
8.410661139096040073e-02
2.687562725055432644e-02
6.447101642072347594e-02
1.506043520035802719e-01
1.066034834590355862e-01
1.137345532278741522e-01
5.482838351127626401e-03
2.769932991633426989e-01
2.160780865224072589e-02
2.833668350345571688e-03
8.425338329945553095e-02
1.070551969845105061e-02
2.833668350345571688e-03
1.816302236513884106e-03
6.201215863934222278e-03
2.833668350345571688e-03
2.833668350345571688e-03
1.333437989188992201e-01
2.106876702245338850e-02
6.938016827947993126e-02
6.859842532457000042e-02
4.416164167976690536e-01
2.833668350345571688e-03
1.096577784496737540e-01
1.809321607832628217e-03
7.372982823973773803e-01
6.508323002982628613e-02
4.564297844244529639e-02
5.516060117941774549e-04
8.219951939052137779e-03
4.562443492074626517e-01
2.141171972885714137e-03
2.833668350345571688e-03
1.094030841036428177e-02
6.501756310776032541e-03
3.286014792036502218e-03
3.943908827772891340e-02
2.833668350345571688e-03
1.405515459267255365e-02
4.177374947264411720e-02
7.359076622207101626e-02
2.657694270427745156e-02
2.833668350345571688e-03
2.312584469655185049e-02
2.130712424506136848e+00
8.214963802051916675e-01
1.838577014952843744e-02
2.453624223636579477e-02
9.282819589503403523e-02
1.546509566610785869e-01
2.833668350345571688e-03
3.342844122667966433e-02
3.533821235199473970e-02
2.795312604989123352e-03
2.833668350345571688e-03
4.306951345281648247e-01
2.833668350345571688e-03
9.108037326658748045e-03
2.020288526889910674e+00
5.274017537525818033e-01
2.290336758906245940e-02
9.140911167592608022e-03
4.395642693064008566e-02
2.833668350345571688e-03
4.964610049841735595e-01
3.396014312927264113e-03
6.954867218321425515e-02
6.310113511230358574e-01
8.360838974993377044e-04
6.813885251659181075e-02
1.590033949248564199e-02
1.338075683222310186e+00
2.833668350345571688e-03
2.833668350345571688e-03
6.692590732378814189e-02
3.954035081550475450e-01
6.167786289417983570e-01
1.034899852730191971e-01
6.816238900823365365e-02
1.165543957117310681e-01
1.939370076520699482e-02
4.643112302193724839e-02
2.833668350345571688e-03
2.711392432668269584e-02
8.481503613240777215e-03
6.252286601721230479e-04
2.078186301501635386e-03
8.305661717944001765e-02
8.674693303009435585e-02
1.106555912425028930e-03
6.253861381737050307e-01
1.328586814385069800e-02
4.119435305309213091e-01
6.093628419226057580e-02
1.909756185084662133e-02
1.090980542385664998e-01
1.184781190862107814e-01
2.988705014034109299e-03
7.280862305126013789e-02
2.833668350345571688e-03
3.427612046380973387e-01
1.759849705249470547e-03
4.621768283995011592e-03
2.833668350345571688e-03
2.408102500050651393e-02
3.892346339255285843e-03
3.995377290866881231e-02
8.117747806107137309e-01
2.350590859883126566e-03
1.140310912365225101e-03
6.818560913129459618e-03
2.325773930626899230e-02
1.443002758423527487e-01
1.221648000219893726e-02
2.833668350345571688e-03
1.099936585950347240e-02
2.853006525611506694e-01
3.949560593394295660e-01
1.036875456642838075e-02
1.447407374923186791e-04
6.026840014706150031e-04
2.833668350345571688e-03
5.109281871266552200e-03
4.822763349914961639e-02
2.833668350345571688e-03
3.964607055456752932e-02
2.833668350345571688e-03
1.287791227455608867e-01
1.461377836499732838e-02
5.000704182941046773e-03
7.946869355037898888e-03
2.614271206757022223e-02
1.298039746779605097e-01
2.202853522750701162e-02
2.310513984802015780e-02
2.261431737910992723e-01
5.684827111651059167e-02
2.833668350345571688e-03
1.409078531862657628e-02
1.270988827299378010e-01
2.833668350345571688e-03
2.833668350345571688e-03
1.290932281095824846e-03
2.863309585768877841e-01
1.215297929612267208e-01
1.680061806355871018e-02
1.442553807299853386e-01
2.833668350345571688e-03
1.029523050701614956e-01
4.455471844865882547e-02
1.040339270352498569e-02
1.033697005880469463e-02
7.934456863483579925e-02
2.833668350345571688e-03
2.833668350345571688e-03
2.472211584288511871e-02
8.913880760598985598e-03
4.762876737622361717e-02
6.314123522392416366e-01
2.920314660468784941e-03
3.728949425944950713e-01
7.855931912292831582e-03
8.119451851212644566e-02
1.131636621828608323e-02
3.132754314972907312e-03
1.888953679968779706e-02
8.255137911505626702e-01
3.655430830815055432e-02
3.470815293126123247e-01
4.102070973382043566e-03
5.081904182400585890e-02
1.051421159126177465e-02
2.958913158568528615e-02
2.833668350345571688e-03
2.379603621984761538e-02
5.269448144959922864e-01
7.692196622010241680e-02
2.833668350345571688e-03
1.764254006906446071e-02
2.119527615733845030e-02
5.247746819999289658e-02
1.214388946968075582e-02
6.134587874111907535e-01
9.701623230237982690e-03
1.065116278522677817e-01
1.154238606102360176e-01
4.152196277397431773e-02
4.507413909532468482e-03
1.120720573982972451e-01
4.614511937244271111e-01
5.565744274866621724e-03
1.045606624423722070e-01
1.012542069773230378e-02
4.465538817040394341e-03
1.120374575298259227e-02
6.016062929367934492e-02
3.251098545122634298e-01
2.833668350345571688e-03
1.332249569765205921e-01
2.014867988655255071e-01
1.368514739368147798e-02
1.212451617488267790e-02
2.833668350345571688e-03
3.751176112713114352e-02
3.531322141014291982e-01
5.078557374001634733e-02
3.065337460764315514e-02
9.562757135802813294e-03
1.040884841270214578e-01
9.010405542169348803e-02
1.880401690072366072e-01
5.838911248575059422e-03
7.934589617194133526e-02
1.299360563798186430e+00
2.487087885022463973e-02
8.431148437974461674e-02
1.293040092602334122e-02
1.417044506648344054e-02
3.697286350775810457e-03
2.129889797048274136e-01
2.886486697882330657e-03
1.479025965688572468e-02
1.053667632816776972e-01
3.744907873212393028e-03
2.806809840873660672e-02
3.501502712124145850e-02
2.833668350345571688e-03
2.833668350345571688e-03
1.271296980314359261e-02
2.395768500476477270e-01
5.559127882977207141e-02
2.833668350345571688e-03
1.394246411702392907e-03
7.772071093305239764e-02
2.833668350345571688e-03
2.717607465124215194e-02
2.422093382805525982e-02
2.833668350345571688e-03
4.886802043921216476e-02
1.801366126997035744e-01
6.237173757358357822e-03
6.540057928322835779e-02
8.108396694812381594e-03
2.629679842541505358e-02
9.200530289089991695e-03
2.833668350345571688e-03
6.068158666361482198e-03
1.007077892733707764e-02
7.431475786724334176e-01
2.556685705415561588e-02
3.773661569652009273e-02
3.503239403409274741e-03
2.833668350345571688e-03
2.235348493525040475e-02
9.736473647851922111e-03
9.222943564512786629e-02
1.534546367404770462e-01
7.593837271999989702e-02
5.406404210350966855e-01
2.833668350345571688e-03
1.888270119724155816e-02
6.939335419055046028e-01
1.319055232002650131e-02
3.693113788272704007e-02
7.946536874745400991e-02
4.697059899561598084e-02
2.833668350345571688e-03
7.852390166659888038e-03
5.008296349533781361e-02
1.947893688990860392e-02
1.775418390423857684e-01
1.585055664262657316e-01
1.628412728410606053e-02
2.833668350345571688e-03
6.661176081445537023e-02
7.177540207957684715e-02
7.234577857485136043e-02
1.495519810137022065e-02
3.409209903016110522e-03
2.833429664288912228e-02
2.957955884930567048e-01
1.058571694666570639e+00
2.833668350345571688e-03
1.273871323862496574e-02
1.498837447015641533e-01
2.334189516997842509e-02
5.336905830500869863e-01
6.413444102082871412e-02
5.976868719849729936e-03
2.833668350345571688e-03
5.069161574861195734e-04
1.078614523858602708e-01
1.645933545322175381e-02
7.536644079944655739e-02
6.742081480581894187e-03
2.833668350345571688e-03
4.723028285998319420e-03
2.833668350345571688e-03
1.990048966827910604e-02
2.833668350345571688e-03
2.833668350345571688e-03
2.771209779426138040e-02
2.833668350345571688e-03
1.690554120580143455e-02
6.135822368438905577e-02
5.334447584348755989e-01
1.733912509906582189e-02
2.833668350345571688e-03
5.000258504740991150e-02
6.784660276352246777e-01
1.657387449504427179e-02
4.622057194329951546e-01
7.077095369653553236e-01
2.833668350345571688e-03
2.833668350345571688e-03
3.461275816738330902e-02
4.359132264893030018e-02
1.083989348519958512e-01
9.896528291568763847e-02
1.493962597297388353e-02
2.833668350345571688e-03
5.398484768357936225e-01
1.861579934040129281e-02
9.078071063529900148e-03
1.084602142626325816e-01
8.432020944188074463e-01
1.003789830479330167e-02
8.732028977868960817e-02
4.487067068899121616e-03
1.880484913611372988e-02
2.833668350345571688e-03
1.549257418222865432e-02
6.874205490707800334e-03
7.538710973200607457e-02
2.833668350345571688e-03
4.678851219017517160e-02
6.075941465228097693e-02
2.041472672861675483e-02
1.207109539049281040e-02
2.833668350345571688e-03
1.063022125186574574e+00
1.579162051635298394e-02
1.584459718033076961e-02
2.090747301648586964e-01
2.410780441859725759e-02
1.355676352946851362e-02
1.981491825624544581e-02
2.833668350345571688e-03
2.647116063733851235e-02
7.070517293658013826e-03
3.257966363111417518e-01
7.153351995298308508e-02
3.334217860365461944e-02
2.481668153221352924e+00
1.419562198559540418e-02
1.797602343039164940e-01
2.833668350345571688e-03
1.041501041300597376e-02
2.482095272014727197e-02
8.485180064315278603e-02
4.030590545812681030e-02
8.094099644363633717e-01
1.168413971311195731e-01
3.952608794011424481e-02
4.013535281515424880e-02
3.077171192307164294e-01
3.581554709128498826e-01
1.120849849440513912e+00
1.418119256368146784e-03
3.103638841580304720e-03
3.694545311028255008e-01
2.833668350345571688e-03
1.962268568349300191e-01
2.833668350345571688e-03
2.833668350345571688e-03
1.330448641039982428e-02
4.702993015832517693e-02
1.209312825539428510e-01
4.161575753398669142e-01
9.854637199746182560e-03
7.964254147194545219e-02
2.246947679331178643e-02
1.365140646077791287e+00
1.211819681754026795e-01
2.175461177311528022e-02
2.833668350345571688e-03
2.833668350345571688e-03
3.638037420825531755e-03
1.513653245954644719e-02
2.833668350345571688e-03
1.227884984627443804e-01
1.004382493486371403e-01
4.851119981883156990e-02
4.708028542777300055e-03
2.833668350345571688e-03
2.833668350345571688e-03
2.833668350345571688e-03
4.723223755657808276e-01
1.471400060352462749e-02
1.723571369757813665e-01
2.833668350345571688e-03
1.132326269371480149e-01
4.882652740542545861e-02
4.748276436642577536e-02
2.833668350345571688e-03
1.005743374650967803e-02
1.016945950357715789e-01
1.145863048037992077e-01
7.459566255500498233e-01
6.631850322988235014e-02
7.482736627795782969e-02
2.833668350345571688e-03
2.544704983529124179e-02
3.181036237715508669e-02
2.232433464035552331e-02
7.025596560561044035e-03
7.812782000969352089e-03
4.004368375473142949e-01
1.376230295362292910e+00
4.142174323853689555e-01
2.833668350345571688e-03
1.313094783951325728e-01
2.833668350345571688e-03
1.221866810730225100e-01
1.631016675364052593e-02
2.833668350345571688e-03
3.960264769318334599e-01
1.246432356263748598e-01
5.744367465815213708e-02
2.833668350345571688e-03
5.414024467717621497e-03
4.332709621875771057e-03
3.962079792253363902e-02
2.760302074199134578e-02
5.659475161995844994e-01
5.236616906994521203e-01
1.591384633289253836e+00
6.568038291332806144e-01
1.089974520499350091e-01
1.397575944956083380e-02
4.343744261031826093e-02
4.511077359486004995e-02
7.411513772322439290e-03
4.085614239492667554e-01
2.833668350345571688e-03
2.272616639152297800e-03
3.470479510792466322e-03
7.802335897530587872e-02
9.532319791680683718e-02
6.379112319379380558e-02
1.829426019627071118e-02
2.833668350345571688e-03
3.190790160662814422e-03
2.126287864265124714e-02
2.153142557813070724e-03
2.858525180469293284e-02
4.794273051654012602e-03
6.560812569766737157e-02
9.714490079485339422e-03
2.194042775782444749e-02
5.948917949997757290e-03
2.833668350345571688e-03
7.304565280336085785e-03
2.210185739394478210e-02
9.201453110163577975e-02
1.439676483437518119e-02
8.179336757949826064e-02
2.833668350345571688e-03
1.203934996652086670e-01
1.004763024468512816e-01
2.833668350345571688e-03
2.313847678497155669e-01
5.278556704314382175e-01
4.790173746610244809e-02
1.234067160890250925e-01
9.204886197047520979e-02
2.647802719112210545e-02
7.993644996857217702e-03
3.963766196956697851e-01
1.289145396119540099e-01
2.064900163393551313e+00
2.833668350345571688e-03
5.134028611387186913e-02
8.796541186344300489e-02
3.854446398219932811e-03
3.761080757003368996e-02
1.436031284525601803e-01
1.479145460113591957e-02
2.833668350345571688e-03
3.970693722929329733e-02
2.487902936721601149e-02
2.833668350345571688e-03
2.503353215345988439e-02
4.300687105038318581e-02
2.833668350345571688e-03
8.981520542704379828e-02
2.833668350345571688e-03
2.833668350345571688e-03
9.041402694809683172e-02
2.564504702035759476e-02
2.833668350345571688e-03
5.360257188694689257e-02
5.433461809123656810e-02
2.833668350345571688e-03
8.401507568125982789e-03
2.833668350345571688e-03
3.377937512192270841e-02
1.551814821587956320e-02
1.841829520893106462e-02
1.227416039360241726e-02
1.585377415442134480e-02
1.287193874183561570e+00
1.936255896328152940e-02
1.456168371263628870e-03
2.833668350345571688e-03
4.137458172536268020e-01
2.314718021018476179e-02
2.691634256837749026e-02
6.139743901740962045e-02
4.871419652675669683e-03
4.172568509499308131e-02
3.473913536533432267e-02
4.950781363939844165e-02
1.264003296054971581e-01
8.734373239823530963e-03
3.728837416636547331e-01
6.810157083463877492e-02
6.866285750266017118e-02
1.821084583510238115e-03
2.833668350345571688e-03
2.833668350345571688e-03
2.833668350345571688e-03
4.029395495152333050e-03
4.057157302367827428e-02
5.467369551928344951e-01
3.324244594485895044e-02
2.166790462857882960e-02
1.265287994003526373e-02
8.967370125721829677e-02
4.022737684188250340e-02
2.386783879956818899e-01
2.833668350345571688e-03
9.759974803118480827e-03
7.848193151333128156e-03
1.698082552855355309e-02
1.652924073774608149e-01
9.887719437578820075e-03
2.833668350345571688e-03
1.227268573591994427e-01
2.833668350345571688e-03
7.391595961811424365e-02
6.724878176926788430e-03
2.833668350345571688e-03
2.833668350345571688e-03
1.941017909240830156e-03
3.825583695489440661e-01
2.548708865370749033e-01
1.301119856307240419e-01
3.212507239548358096e-02
2.962996857814395590e-02
8.408115618821604062e-03
8.541142142494224584e-03
