5.985315384127896099e-01
6.065315016691750216e-01
4.569217438321268032e-01
2.234716592649247380e-01
1.469406682773580219e-01
6.434315037720864661e-01
2.656472324361967008e+00
1.469406682773580219e-01
3.031490928598655765e-01
7.788758373758715159e-01
1.667355900826322568e+00
3.717801130956632782e-01
3.031490928598655765e-01
6.871823430045290726e-01
9.076632029396131118e-01
8.816858397673835723e-01
2.209252668344523052e+00
8.051107998038024016e-01
2.205537735475146199e+00
9.661368445861470144e-01
1.469406682773580219e-01
7.157185707337476721e-01
9.232560492869466007e-01
5.360051515630214203e-01
5.951402796634535086e-01
4.118321289511264194e-01
9.140912495636301927e-01
2.613292366421405166e+00
9.367162055341397842e-02
1.335547546823658560e-01
1.002767357102328338e+00
9.931252954434419689e-01
1.950290747330471752e-01
1.795985036005111335e-01
9.877586205840737099e-01
3.212818562045590909e+00
1.335547546823658560e-01
8.655881078784610771e-01
8.209104745363001499e+00
1.481321116207235389e-01
7.741564005540166882e-01
2.494510695504930098e+00
1.005636315994520302e+00
6.141990984170770940e-01
3.343887819950143836e+00
2.084996040750299873e+00
1.328823697866375442e+00
3.732193189138283684e-01
1.335547546823658560e-01
7.969344828922435564e-01
8.743894155346932928e-01
1.335547546823658560e-01
3.731578788201906915e-01
1.554712115635011882e+00
2.932277870972106015e+00
6.054073669701588445e-01
3.567077410416461536e-01
6.244568402202639312e+00
8.363807222118184725e-01
5.442495971524516918e+00
1.468348259084648610e+00
8.177454126949749158e-01
9.448499616536513157e-01
9.172971451487651473e-01
6.665950794410989699e-01
8.009171008989750540e-01
6.125092591908097850e-01
4.543982197653697597e+00
8.083372207673751308e-01
9.593988599791275496e-01
1.481321116207235389e-01
1.863873922214104029e-01
9.367162055341397842e-02
4.541294308650555278e-01
9.367162055341397842e-02
2.668396381610542156e-01
8.053680913254945839e-01
2.352867027432196112e-01
3.856054460277106855e-01
5.290135560722865060e-01
5.471601565588848359e+00
6.544441305586268243e-01
8.617528082162816405e-01
6.902451883337282768e-01
1.110363003602193310e-01
3.665201392812486025e-01
3.119384874984043599e-01
5.650240813127380690e-01
4.340081140075274568e+00
9.704024938042826731e-02
8.744996283311656793e-01
1.424999652654504789e+00
2.157596618958913748e+00
1.803369679999144992e+00
6.731294841869888135e-01
7.106197647121827998e-01
9.841627012086817672e-01
9.362158137721553475e-01
1.481321116207235389e-01
2.968654283022391649e-01
2.526567879561648633e-01
9.682943612332929328e-01
4.252108682859880306e-01
6.664341528712306451e-01
9.405388083346067907e-01
8.111794576189185202e-01
1.181136186045425474e+00
2.311011114763762198e+00
9.410964151104015407e-01
7.645727777000154157e-01
5.572837159084651493e-01
8.298701238569576866e-01
8.127533589308322259e-01
3.647303559085737779e-01
1.635049234486458114e-01
4.058858121384597006e-01
5.552560670622729289e-01
1.522928839256078026e-01
2.285066600794109615e+00
5.726135018770630580e-01
3.307661521409638539e+00
1.063924768267970666e+00
6.964759864514328491e+00
8.830177573803696944e-01
9.608898752985259861e-01
6.037420910232210725e-01
9.940024194960750403e-01
2.537331521653672928e-01
4.324593767161366009e-01
1.335547546823658560e-01
9.962629986775771718e-01
5.157915276625774093e-01
8.055482959574117530e+00
9.811598659307839698e-01
1.162302598282059618e+00
9.634988324233580148e-02
1.635475771601668515e-01
7.821428322365704400e-01
5.581579794132468519e-01
2.532494274139079349e-01
9.913940551279787350e-01
7.466897364629854206e-01
8.237233713517508882e-01
1.596588074644091026e+00
9.633392860285630022e-01
3.909312599674184541e-01
1.138589039290956173e-01
2.723761796211643826e+00
2.774616959614159217e+00
2.497247935213569026e-01
3.945315101665829438e-01
9.367162055341397842e-02
1.522928839256078026e-01
2.626275618124858102e+00
2.732632613454968329e-01
1.097879147513359799e+00
5.446934481211521684e-01
3.655020245937104506e-01
1.570880464088020734e+00
9.641417388113988629e-01
3.846201665232492628e-01
3.774540667576278818e-01
9.138886050948894502e-01
4.772000105003036952e-01
4.738876803899920276e+00
1.926872336647224015e-01
6.540441212315025732e-01
8.072685876132386085e-01
5.411269648618779904e+00
6.781428260191008084e-01
1.481321116207235389e-01
3.915301393207434311e-01
2.620018368508967854e-01
1.590528528472500980e-01
8.098654409651094843e-01
9.614180217138549311e-01
1.481321116207235389e-01
2.437198648050569183e-01
2.107392049011117263e-01
6.202223734107682462e-01
4.723359503767325940e-01
7.673828656792014424e-01
5.970302923576110699e-01
1.481321116207235389e-01
3.691139932091409559e-01
8.204631024850111976e-01
2.718399001258744452e+00
5.548736365033407614e-01
7.585901132741198483e-01
8.117444487746799942e-01
9.742863606489926553e-01
4.248218874112620114e+00
3.650000034515011316e-01
1.795985036005111335e-01
9.994610510202056597e-01
6.750507906651403989e-01
8.303363791001086014e-01
4.852208672305984294e-01
1.469406682773580219e-01
9.723722024034802125e-01
8.672082391340097951e-01
4.681707807966695167e-01
6.148337193968494985e-01
2.437198648050569183e-01
9.864142385369221167e-01
2.195140674323805996e+00
3.736321624264323571e+00
8.308700259177195235e-01
9.863719595137829810e-01
4.179908162436918317e-01
1.328026310927639786e+00
1.110363003602193310e-01
2.653146481315984961e-01
9.037643899243285039e-01
5.769433182137240212e-01
1.590528528472500980e-01
3.839695536412500942e+00
1.522928839256078026e-01
9.388274828160512175e-01
4.861049783731762330e-01
1.277604458557532130e+00
6.794311683209139918e-01
6.627711898044049699e-01
6.071877798625719969e-01
1.469406682773580219e-01
3.514783430364276651e+00
8.472490321335587327e-01
3.320533993165291076e-01
9.528205278652817967e+00
1.003906101197347134e+00
3.617244151178157230e-01
9.079056393612681131e-01
8.760647692474446968e-01
1.335547546823658560e-01
2.732632613454968329e-01
4.625686759974110274e-01
7.632485964399441380e-01
9.513192379480308603e-01
2.448908736443261014e-01
4.613400156864306267e-01
1.073453414239632586e+00
8.688040299839628888e-01
5.647063041958846341e-01
1.469406682773580219e-01
6.835540670112190131e-01
6.962518222771685306e-01
7.918926899926868046e-01
8.035134176857878785e-01
3.903323839978936616e-01
3.641018573076908460e-01
2.011289387508745918e-01
2.814815960260780070e+00
8.466364701153016314e-01
2.033564751872127374e+00
4.685143434317643463e-01
9.701601156283579108e-01
1.151238859920987068e+00
3.602935747638715824e-01
8.065330558015252338e-01
3.043903814610326997e+00
1.590528528472500980e-01
7.273160317527960217e-01
1.999032266008705927e-01
5.808859203908031121e-01
1.522928839256078026e-01
6.173038170222636678e-01
8.031270198004859528e-01
8.918395385283952592e-01
8.163987812297570645e-01
7.073131643452050810e-01
5.580928798038577998e-01
5.529507866611613753e-01
5.321227701176257652e-01
1.227964186618969045e+01
7.729761137829246342e-01
3.940784312843137460e-01
6.986909044880332820e-01
1.491898528747150232e+00
7.440815613888601687e-01
9.432035834600792645e-01
1.023320361644355803e+00
5.741232903117273745e-01
1.522928839256078026e-01
5.643339547499650610e-01
5.629328645303122158e-01
2.732632613454968329e-01
6.648516300410063362e-01
1.469406682773580219e-01
2.304604521449464261e-01
1.004250602437581685e+00
6.732680372770970534e-01
8.150709723738406298e-01
8.704876104817629301e-01
1.344603629269898404e+00
9.989859358340982265e-01
8.803939687153966576e-01
9.550986663394825937e-01
5.545668669417463947e-01
1.469406682773580219e-01
9.872468435116112939e-01
3.204980694364296667e-01
1.635475771601668515e-01
2.437198648050569183e-01
7.867053959634572324e-01
3.072039172933898055e+00
1.039350758558970633e-01
9.399010426610391322e-01
9.122147608819718423e-01
1.469406682773580219e-01
3.768902891328144156e-01
6.077812764298708981e-01
6.980960536025200280e-01
8.403969850411874276e-01
4.490525581641590103e-01
1.469406682773580219e-01
1.795985036005111335e-01
6.811752216065564136e-01
9.675542064879206761e-01
5.635239923906667503e-01
1.238288431635392151e+00
8.297786887857232507e-01
1.908160446581743663e+00
5.556662239897419697e-01
4.294699203522125974e-01
9.823311152706415417e-01
6.816057071421063318e-01
9.959037666874458461e-01
3.814422521172152969e+00
1.637636911075821988e+00
1.717295391976996655e+01
6.773867727973300612e-01
3.135618918298313518e-01
8.566830875203766960e-01
6.119165731450409984e-01
1.481321116207235389e-01
9.797052261011284235e-01
2.436877162040508082e+00
4.778835867621474831e-01
1.481321116207235389e-01
8.116043679652004128e-01
9.395415105421027757e-01
5.846029272119596110e-01
9.540575677075966432e-01
9.376319639837029651e-01
8.226869285810396448e-01
4.375463089370341119e-01
1.133571788575996747e-01
6.003082062632706384e-01
8.112008013053805255e-01
3.666994000283594346e-01
2.625780640137250543e+00
8.264717796085891965e-01
2.795082323048661888e+00
9.843411920924265424e-01
1.002920641162760473e+00
1.739400830403461107e-01
5.513710637893316502e-01
1.752693404466048488e+00
1.590528528472500980e-01
3.143706292129783697e-01
2.300491427932651600e+00
7.853416390874417008e-01
9.968489566883863562e-01
1.469406682773580219e-01
9.327909532997653574e-01
1.590960449675636657e+00
2.444786790314775971e+00
3.344635256464449924e-01
4.312501362541023564e-01
2.454361424219476395e-01
8.676853173592584678e-01
1.477885767813608586e+00
9.889686344699197829e-01
4.456196247824706913e-01
5.923266160013651582e-01
2.568808527226990046e-01
3.475338436711139511e-01
9.425654897652646635e-01
8.279732483410696675e-01
9.968140900111217562e-01
7.218671345785410143e-01
6.890558903452507211e-01
5.907919705278115163e-01
3.745327221984963706e-01
7.917334668259373709e-01
1.222253345236597566e+00
6.105223603637773833e-01
1.335547546823658560e-01
1.992901402381083154e-01
8.083979218436898595e-01
3.544849413202128208e+00
5.876221510972683415e-01
9.367162055341397842e-02
8.705661850024888349e-01
1.015134359679366050e+01
2.437198648050569183e-01
6.142409319418258296e-01
1.066676367266625736e+00
1.469406682773580219e-01
3.270096060811066296e-01
3.726899683270882280e-01
1.820868806381276128e+00
4.640948609725831231e-01
6.702536385278516917e-01
9.335008998679643621e-01
8.167040605080811977e-01
4.860806234620465016e-01
8.085101499100633138e-01
3.026779533199225547e+00
6.952037920845373087e-01
2.004814518089082509e-01
5.180751031590892230e-01
1.007202626081565411e+00
1.635475771601668515e-01
8.138372702816576432e-01
8.855630087753043611e-01
4.185884643510612291e-01
2.825142506082852556e+00
4.512761682873659419e-01
4.800979170950445130e-01
3.636095055178336644e-01
2.509503187357813303e-01
2.053674268403441194e-01
7.858475504548388946e-01
6.622169206697158250e-01
3.710137902202886306e-01
6.101116045141020683e-01
3.031490928598655765e-01
7.920618220718479430e-01
4.158649570518294092e-01
8.528210890695686608e-01
8.140252542127058177e+00
4.827745520678971225e+00
9.528349240428414246e-01
1.986776535062191318e-01
3.291639864688403749e-01
4.699427731335664160e-01
2.449448305267899750e-01
9.677501291762740099e-01
7.903528451805458266e-01
9.728745204397049040e-01
4.638711270347429250e-01
1.794932411685872697e+00
1.469406682773580219e-01
8.188545963656025384e-01
1.738112309357973340e+00
2.553566574123274924e-01
9.873605267588082768e+00
7.384671218129135184e-01
8.533681517231305191e-01
1.992901402381083154e-01
3.469052463927723151e-01
3.709100430643306190e-01
6.556316038913374555e-01
3.887372794943973475e-01
6.651471191460747168e-01
1.469406682773580219e-01
7.935929938890827762e-01
2.146603363456163760e-01
8.788130361697787940e-01
5.786441566342808152e-01
1.992901402381083154e-01
6.841488014798075001e-01
1.469406682773580219e-01
8.098802767196141561e-01
5.426234974540887768e-01
1.359567347539265114e+00
8.584571349225665893e-01
4.792370212201640389e-01
6.981322743394179353e-01
3.993479525445048139e+00
1.000950005011267852e+00
1.737718043890388531e+00
8.702542746294116283e-01
3.636095055178336644e-01
1.110363003602193310e-01
9.693900148503868663e-02
3.064034269064383476e-01
1.684906005977897803e-01
1.429323046044401524e+00
9.579980701975030488e-01
1.335547546823658560e-01
2.005170927918186408e+00
8.075798737301561614e-01
6.968466115750765466e-01
3.703113554589405054e-01
7.022807202125452841e-01
7.873011384025612180e-01
4.234433993944970442e-01
8.116538686810693681e-01
9.526649686410353368e-01
3.940784312843137460e-01
8.222157882606734303e-01
8.651509767356103664e-01
4.663760714493592197e-01
1.469406682773580219e-01
3.977346619279073181e+00
5.507805097797962013e-01
5.348379683883858204e-01
1.001743170700848840e+00
1.522928839256078026e-01
8.580814180131829394e-01
8.384038242166886867e-01
1.577096144898856578e-01
1.727240947997900289e+00
9.377764565501726102e-01
5.895802765633066933e-01
6.763590411332156549e-01
1.590528528472500980e-01
6.022153207332511249e-01
1.014695413685056558e+00
2.140393754087878797e+00
1.861286181679898399e-01
5.222892134426156963e-01
9.265194278124271043e-02
8.751516511220248651e-01
1.279889510853788881e+00
1.522928839256078026e-01
6.682875204546068204e-01
9.627164237160110716e-01
3.932987668619957189e-01
6.014448208203940771e-01
1.676191633582512441e+00
2.330923340675603583e+00
8.854293436153103380e-01
1.507191072799049625e+00
7.620062073356709265e-01
1.878142787427093063e+00
2.772872462441098751e+00
8.134729328490274414e-01
5.615074020269982258e-01
4.934644870640841341e-01
1.469406682773580219e-01
7.515833903240434211e-01
1.481321116207235389e-01
1.110363003602193310e-01
9.538504337047700732e-01
5.641151389845854291e-01
1.039916342487674505e-01
8.171243901648532315e+00
8.499494234945418336e-01
3.420290192305324162e-01
8.405871816695816845e-01
1.021880942157654015e+00
2.328317287759558596e+00
9.764027089121342096e-01
1.469406682773580219e-01
1.481321116207235389e-01
6.681742362452967043e-01
8.220774477206169717e-01
1.590528528472500980e-01
3.248085012619696954e-01
3.793481382635414678e-01
1.881432473553771079e+00
9.783357961480412257e-01
1.469406682773580219e-01
1.469406682773580219e-01
2.146603363456163760e-01
9.752366276838787540e-01
5.403660819486295619e-01
2.963337375781486926e+00
1.635475771601668515e-01
8.836974878372819697e-01
5.623417555199433648e-01
1.896163050082160684e+00
1.522928839256078026e-01
1.919200093604871427e-01
2.719266307989788856e-01
3.641850765499603515e-01
3.648395023632383105e-01
5.362177566015779995e-01
4.757863832777402546e-01
1.469406682773580219e-01
8.666030348175447484e-01
9.071718759265271492e-01
9.469009781892513411e-01
8.500416518564527513e-01
8.785547863055379603e-01
1.084142149329389238e+00
3.746749023608146878e-01
1.917395621696833308e+00
1.481321116207235389e-01
3.162873732836143925e-01
1.469406682773580219e-01
5.112557872434831951e-01
5.923034885326965426e-01
3.871663854326119480e-01
1.334997345472102248e+00
3.529581597013081717e-01
1.870131482012123314e+00
1.986776535062191318e-01
9.883894880318527809e-01
9.466064705287207115e-01
1.661990870154627542e+00
8.732237743028937738e-01
4.966920298346717555e-01
7.070113153206012413e-01
1.143387292205062300e+00
2.557450031303234006e+00
1.689669272296354108e-01
9.494584574321824899e-01
5.125626424401783510e-01
6.203551825359674421e-01
2.928375804119957682e+00
1.865326510973659424e+00
9.367162055341397842e-02
8.292918666215512991e-01
6.896505346759986832e-01
2.721636623898714635e+00
4.155006889411133053e-01
5.272669840930085394e-01
6.749130036666077803e-01
1.481321116207235389e-01
1.643938602923772363e+00
8.833994000695484239e-01
8.426445573538359213e-01
9.762001907240742682e-01
8.293088462987130427e-01
5.290505103334949277e-01
8.254583347802607607e-01
5.333328439884369443e-01
8.403032904628718880e-01
1.110363003602193310e-01
6.693624503812278803e-01
8.312691501632115676e-01
9.633346783551614001e-01
5.418720443732715220e-01
4.600186626796138323e-01
1.481321116207235389e-01
3.272022042872307912e-01
2.538421015114274426e-01
3.636095055178336644e-01
1.905167555000546686e+00
1.508304166981820904e+00
4.813948587309264671e-01
3.241883904666316707e-01
2.884492539341594775e+00
9.606938182981047403e-01
8.327487390586163496e-01
2.373913646188990645e-01
3.186810670515008992e-01
4.519144924649807216e+00
1.469406682773580219e-01
5.599307903774212170e-01
3.653269391923358866e-01
9.924888324454240740e-01
6.041104307208950974e-01
1.789309679740173520e+00
9.838128938232464371e-01
3.940784312843137460e-01
6.020371521140136517e-01
5.305180982034233272e-01
1.795985036005111335e-01
8.736694225930692337e-01
8.790172424201884160e-01
1.335547546823658560e-01
4.209528625498269450e-01
2.146603363456163760e-01
1.590528528472500980e-01
4.203551504547037854e-01
1.004106697508316604e+00
1.469406682773580219e-01
5.067318052229686787e-01
5.569762023498568970e-01
1.590528528472500980e-01
7.937760657050875190e-01
3.332852532026304160e-01
6.093088400631812007e-01
9.463046285291831783e-01
9.641483547890902228e-01
9.968353926531465792e-01
2.503943739510990918e-01
2.068934358544395558e+00
7.709809741773282488e-01
9.287173103157632115e-01
1.481321116207235389e-01
3.392902863718688433e+00
1.005032641265442450e+00
8.873827767861576232e-01
5.560849755370618208e-01
6.927230110376924044e-01
2.123441106420528968e+00
8.919158031960902067e-01
4.798278232829631951e-01
3.211962211740888584e-01
8.003283154619367235e-01
1.923401846292128736e+00
5.315476859948888855e-01
4.730115537678414861e-01
7.721654308155715407e-01
9.367162055341397842e-02
1.635475771601668515e-01
1.110363003602193310e-01
8.370559793195911924e-01
9.928828090181938126e-01
1.673287306481365366e+00
6.585512888300043555e-01
6.196294154700004997e-01
2.228290291330356609e+00
7.772507333727922685e-01
1.641666184836595432e+00
5.843788518792745190e-01
3.031490928598655765e-01
9.461909862901246582e-01
9.756166062792452909e-01
5.430870487051923101e-01
1.362843575025713294e+00
8.195031315199836630e-01
1.986776535062191318e-01
1.253989234067530711e-01
1.481321116207235389e-01
3.363703019132988081e-01
8.526267295633976895e-01
1.590528528472500980e-01
1.469406682773580219e-01
6.882040685385739653e-01
1.036657402429761676e+00
8.281517931690693946e-01
3.174842083233930801e-01
9.829504120460571537e-01
6.859927204706950388e-01
6.699565732906818116e-01
6.633651558498929734e-01
